Audio file,Predicted events,TP events,FN events,FP events,,,
048K_P01_AMK18_20220326_080002.WAV,11,11,4,0,,precision,0.9575971731
048K_P01_AMK18_20220330_063000.WAV,2,2,4,0,,recall,0.4569983137
048K_P03_AMK16_20220325_063000.WAV,1,1,0,0,,f1-score ,0.6187214612
048K_P03_AMK16_20220415_080002.WAV,4,4,6,0,,,
048K_P04_AMK15_20220324_063000.WAV,2,2,3,0,,,
048K_P05_AMK11_20220331_080002.WAV,1,1,0,0,,,
048K_P05_AMK20_20220416_080002.WAV,10,10,15,0,,,
048K_P06_AMK12_20220401_063000.WAV,3,3,0,0,,,
048K_P07_AMK13_20220328_080002.WAV,1,0,2,1,,,
048K_P07_AMK13_20220329_063000.WAV,7,7,7,0,,,
048K_P07_AMK13_20220330_063000.WAV,1,1,3,0,,,
048K_P08_AMK02_20220416_063000.WAV,10,10,0,0,,,
048K_P08_AMK02_20220417_063000.WAV,4,0,5,4,,,
048K_P08_AMK14_20220324_080002.WAV,2,2,11,0,,,
048K_P09_AMK08_20220418_080002.WAV,12,12,56,0,,,
048K_P09_AMK08_20220420_080002.WAV,3,3,8,0,,,
048K_P09_AMK19_20220326_063000.WAV,16,16,10,0,,,
048K_P09_AMK19_20220401_063000.WAV,1,1,7,0,,,
048K_P11_AMK02_20220328_063000.WAV,1,1,1,0,,,
048K_P11_AMK02_20220329_063000.WAV,3,3,1,0,,,
048K_P11_AMK06_20220417_063000.WAV,4,4,0,0,,,
048K_P11_AMK06_20220421_063000.WAV,62,62,0,0,,,
048K_P12_AMK21_20220417_063000.WAV,4,4,1,0,,,
048K_P12_AMK21_20220417_080002.WAV,1,1,0,0,,,
048K_P13_AMK05_20220427_063000.WAV,1,1,3,0,,,
048K_P13_AMK18_20220410_063000.WAV,4,4,9,0,,,
048K_P13_AMK18_20220410_080002.WAV,3,3,1,0,,,
048K_P14_AMK17_20220405_063000.WAV,4,4,7,0,,,
048K_P15_AMK16_20220403_080002.WAV,14,14,26,0,,,
048K_P15_AMK20_20220428_063000.WAV,5,5,1,0,,,
048K_P16_AMK15_20220405_063000.WAV,3,3,3,0,,,
048K_P16_AMK15_20220409_080002.WAV,4,0,0,4,,,
048K_P17_AMK11_20220407_080002.WAV,8,8,7,0,,,
048K_P17_AMK11_20220408_080002.WAV,1,1,3,0,,,
048K_P18_AMK12_20220406_080002.WAV,12,12,6,0,,,
048K_P18_AMK12_20220407_080002.WAV,15,15,10,0,,,
048K_P18_AMK12_20220411_080002.WAV,13,13,2,0,,,
048K_P18_AMK12_20220426_063000.WAV,2,2,15,0,,,
048K_P19_AMK13_20220405_080002.WAV,1,1,5,0,,,
048K_P19_AMK13_20220413_063000.WAV,4,4,10,0,,,
048K_P19_AMK13_20220415_063000.WAV,2,2,35,0,,,
048K_P19_AMK13_20220418_063000.WAV,1,0,0,1,,,
048K_P19_AMK13_20220423_063000.WAV,1,0,0,1,,,
048K_P19_AMK13_20220424_063000.WAV,1,0,0,1,,,
048K_P20_AMK01_20220420_080002.WAV,1,1,1,0,,,
048K_P21_AMK02_20220425_063000.WAV,3,3,3,0,,,
048K_P22_AMK09_20220408_063000.WAV,1,1,0,0,,,
048K_P22_AMK09_20220418_063000.WAV,3,3,0,0,,,
048K_P22_AMK09_20220425_080002.WAV,1,1,5,0,,,
048K_P23_AMK14_20220407_080002.WAV,1,1,0,0,,,
048K_P23_AMK14_20220417_063000.WAV,3,3,0,0,,,
048K_P23_AMK14_20220418_080002.WAV,3,3,7,0,,,
048K_P23_AMK14_20220420_063000.WAV,2,2,19,0,,,
,283,271,322,12,,,
